Name            , Password        , ItemID1  , Amount1  , ItemID2  , Amount2  , ItemID3  , Amount3  , ItemID4  , Amount4  , ItemID5  , Amount5  , ItemID6  , Amount6  , ItemID7  , Amount7  , ItemID8  , Amount8  , ItemID9  , Amount9  , ItemID10 , Amount10 , ItemID11 , Amount11 , ItemID12 , Amount12 , ItemID13 , Amount13 , ItemID14 , Amount14 , ItemID15 , Amount15 , ItemID16 , Amount16 , ItemID17 , Amount17 , ItemID18 , Amount18 , ItemID19 , Amount19 , ItemID20 , Amount20 , ItemID21 , Amount21 , ItemID22 , Amount22 , ItemID23 , Amount23 , ItemID24 , Amount24 , ItemID25 , Amount25 , ItemID26 , Amount26 , ItemID27 , Amount27 , ItemID28 , Amount28 , ItemID29 , Amount29 , ItemID30 , Amount30 , ItemID31 , Amount31 , ItemID32 , Amount32 , ItemID33 , Amount33 , ItemID34 , Amount34 , ItemID35 , Amount35 , ItemID36 , Amount36 , ItemID37 , Amount37 , ItemID38 , Amount38 , ItemID39 , Amount39 , ItemID40 , Amount40 , ItemID41 , Amount41 , ItemID42 , Amount42 , ItemID43 , Amount43 , ItemID44 , Amount44 , ItemID45 , Amount45 , ItemID46 , Amount46 , ItemID47 , Amount47 , ItemID48 , Amount48 , ItemID49 , Amount49 , ItemID50 , Amount50 , ItemID51 , Amount51 , ItemID52 , Amount52 , ItemID53 , Amount53 , ItemID54 , Amount54 , ItemID55 , Amount55 , ItemID56 , Amount56 , ItemID57 , Amount57 , ItemID58 , Amount58 , ItemID59 , Amount59 , ItemID60 , Amount60 , 
+20beads        , OP              , 273000630, 1        , 273000590, 1        , 273000610, 1        , 273000690, 1        , 273000710, 1        , 273000550, 1        , 273000730, 1        , 273000570, 1        , 273000670, 1        , 273000650, 1        , 
144mage+12      , DD              , 210131225, 1        , 207135223, 1        , 205131222, 1        , 202131224, 1        , 203131223, 1        , 204131212, 1        , 209131222, 1        , 252131020, 1        , 208135246, 1        , 208135235, 1        , 206131224, 1        , 283000792, 1        , 219230199, 1        , 283001348, 1        , 
allNeckySets    , OP              , 209140063, 1        , 209130063, 1        , 209110063, 1        , 271003304, 1        , 271000101, 1        , 271000102, 1        , 271000103, 1        , 209140062, 1        , 271003303, 1        , 271003301, 1        , 271003403, 1        , 209220062, 1        , 209220091, 1        , 209130091, 1        , 209140091, 1        , 271003402, 1        , 209130062, 1        , 209110091, 1        , 271000201, 1        , 209110062, 1        , 209140092, 1        , 271000202, 1        , 271000203, 1        , 209110092, 1        , 271003404, 1        , 209220092, 1        , 209130092, 1        , 209220093, 1        , 209130093, 1        , 209110093, 1        , 271000303, 1        , 271000302, 1        , 271000301, 1        , 209140093, 1        , 209220094, 1        , 209130094, 1        , 271000401, 1        , 271000402, 1        , 271000403, 1        , 209110094, 1        , 209140094, 1        , 209130095, 1        , 209140095, 1        , 209220095, 1        , 271000501, 1        , 271000503, 1        , 271000502, 1        , 209110095, 1        , 209140096, 1        , 209130096, 1        , 271000601, 1        , 271000602, 1        , 271000603, 1        , 209110096, 1        , 209220096, 1        , 209140097, 1        , 209130097, 1        , 271000701, 1        , 209110097, 1        , 209220097, 1        , 
allUpper        , DD              , 215003408, 1        , 215003708, 1        , 215004008, 1        , 215003001, 1        , 215003002, 1        , 215003003, 1        , 273000080, 1        , 
fireworks       , DD              , 213062504, 857      , 213062509, 921      , 
mage+12         , OP              , 210131223, 1        , 207135223, 1        , 205131221, 1        , 202131221, 1        , 203131221, 1        , 204131210, 1        , 209131220, 1        , 252131018, 1        , 252133018, 1        , 208135242, 1        , 208135242, 1        , 206131222, 1        , 221111021, 1        , 273000752, 1        , 273000670, 1        , 
pads            , OP              , 221111013, 1        , 221111014, 1        , 221111016, 1        , 221111015, 1        , 221111017, 1        , 221111018, 1        , 221111021, 1        , 221111020, 1        , 221111019, 1        , 221112013, 1        , 221112014, 1        , 221112021, 1        , 221112015, 1        , 221112019, 1        , 221112020, 1        , 221112016, 1        , 221112017, 1        , 221112018, 1        , 
pots            , DD              , 273000242, 10000    , 273000243, 10000    , 
rudolf          , DD              , 283000490, 1        , 
sin+7           , OP              , 210220707, 1        , 207224711, 1        , 205220704, 1        , 202220713, 1        , 203220712, 1        , 204220706, 1        , 209220712, 1        , 252221019, 1        , 252223019, 1        , 208224722, 1        , 208224722, 1        , 206220713, 1        , 273000670, 1        , 
sin+9           , OP              , 210220925, 1        , 207224920, 1        , 205220909, 1        , 202220921, 1        , 203220922, 1        , 204220910, 1        , 209220919, 1        , 252221019, 1        , 252223019, 1        , 208224945, 1        , 208224945, 1        , 206220923, 1        , 273000670, 1        , 
SSX             , DD              , 215003001, 1        , 215003002, 1        , 215003003, 1        , 
upStones        , DD              , 215003408, 1        , 215003708, 1        , 215004008, 1        , 
wados           , DD              , 211162937, 1        , 211162784, 1        , 205221210, 1        , 211162921, 1        , 211162764, 1        , 211162768, 1        , 211162788, 1        , 201300837, 1        , 201265539, 1        , 211162792, 1        , 211162793, 1        , 211162772, 1        , 273003404, 1        , 273000752, 1        , 273000590, 1        , 219140009, 1        , 206221222, 1        , 202221222, 1        , 211162736, 1        , 271003401, 1        , 211162953, 1        , 272003303, 1        , 211162776, 1        , 211162905, 1        , 273003402, 1        , 208225232, 1        , 211162760, 1        , 211162777, 1        , 212100141, 100      , 219120009, 1        , 211162825, 1        , 209221219, 1        , 211162873, 1        , 211162776, 1        , 212100142, 98       , 224020308, 1        , 209220062, 1        , 208225232, 1        , 212020003, 1        , 273000139, 1        , 213062463, 5        , 224020258, 1        , 
war152set       , DD              , 
warlvl1         , DD              , 210110101, 1        , 207114101, 1        , 202110103, 1        , 203110102, 1        , 209114101, 1        , 281000001, 1        , 208114113, 1        , 208114113, 1        , 206110102, 1        , 273000752, 1        , 