MAP       , ID        , X1        , Y1        , 
1         , 10        , -1701.0   , 2357.0    , 
1         , 11        , -1686.0   , 2305.0    , 
1         , 20        , -1566.0   , 2738.0    , 
1         , 30        , -1712.0   , 2603.0    , 
1         , 40        , -1753.0   , 2610.0    , 
1         , 50        , -1730.0   , 2707.0    , 
1         , 60        , -1763.0   , 2428.0    , 
1         , 80        , -1399.0   , 2588.0    , 
1         , 90        , -1375.0   , 2454.0    , 
1         , 91        , -1512.0   , 2676.0    , 
1         , 100       , -1596.0   , 2587.0    , 
1         , 110       , -5650.0   , 79.0      , 
1         , 120       , -5422.0   , 54.0      , 
1         , 130       , -5654.0   , -101.0    , 
1         , 140       , -5621.0   , -162.0    , 
1         , 150       , -5808.0   , -118.0    , 
1         , 160       , -5609.0   , 190.0     , 
1         , 170       , 2557.0    , 531.0     , 
1         , 180       , 2689.0    , 540.0     , 
1         , 190       , 2615.0    , 600.0     , 
1         , 200       , 2620.0    , 368.0     , 
1         , 210       , 2685.0    , 690.0     , 
1         , 220       , 2576.0    , 699.0     , 
1         , 224       , 2662.0    , 480.0     , 
1         , 225       , 2725.0    , 657.0     , 
1         , 230       , -1282.0   , 7482.0    , 
1         , 240       , -1605.0   , 7757.0    , 
1         , 250       , -1539.0   , 7594.0    , 
1         , 260       , -1454.0   , 7409.0    , 
1         , 261       , -1563.0   , 7560.0    , 
1         , 270       , -1410.0   , 7459.0    , 
1         , 280       , -1635.0   , 7514.0    , 
1         , 290       , -2677.0   , -3629.0   , 
1         , 291       , -2527.0   , -3392.0   , 
1         , 300       , -2591.0   , -3797.0   , 
1         , 310       , -2260.0   , -3691.0   , 
1         , 320       , -2321.0   , -3467.0   , 
1         , 330       , -2340.0   , -3366.0   , 
1         , 340       , -2287.0   , -3838.0   , 
1         , 350       , -2123.0   , -3357.0   , 
1         , 360       , -5480.0   , 2915.0    , 
1         , 360       , -1543.0   , 7535.0    , 
1         , 370       , -1436.0   , 2733.0    , 
1         , 380       , -1486.0   , 2735.0    , 
1         , 390       , -1414.0   , 2776.0    , 
1         , 400       , -1451.0   , 2752.0    , 
1         , 401       , -1749.0   , 7588.0    , 
1         , 402       , -1487.0   , 7388.0    , 
1         , 403       , -1285.0   , 7538.0    , 
1         , 404       , -1360.0   , 7503.0    , 
1         , 405       , -1504.0   , 7578.0    , 
1         , 406       , -1405.0   , 7659.0    , 
1         , 410       , 2667.0    , 434.0     , 
1         , 420       , -1368.0   , 7586.0    , 
1         , 430       , 2731.0    , 574.0     , 
1         , 440       , 2513.0    , 626.0     , 
1         , 450       , 2632.0    , 709.0     , 
1         , 460       , -1656.0   , 7719.0    , 
1         , 461       , -1526.0   , 7842.0    , 
1         , 840       , -5567.0   , -150.0    , 
1         , 980       , -1746.0   , 2406.0    , 
1         , 1070      , 2624.0    , 561.0     , 
1         , 1080      , -1515.0   , 7533.0    , 
1         , 1290      , -2705.0   , -3698.0   , 
1         , 1300      , 2675.0    , 519.0     , 
1         , 1310      , 2704.0    , 550.0     , 
1         , 1320      , -1560.0   , 2395.0    , 
1         , 1321      , -1441.0   , 7478.0    , 
1         , 1322      , -1514.0   , 2398.0    , 
1         , 1323      , -1664.0   , 7526.0    , 
1         , 1324      , -1496.0   , 7661.0    , 
1         , 1325      , -1519.0   , 7712.0    , 
1         , 1326      , -1612.0   , 7491.0    , 
1         , 1330      , -1640.0   , 2677.0    , 
1         , 1340      , -1681.0   , 2732.0    , 
1         , 1350      , -6714.0   , -4142.0   , 
1         , 1360      , -6362.0   , -4144.0   , 
1         , 1370      , -7047.0   , 103.0     , 
1         , 1380      , -1499.0   , 7788.0    , 
1         , 1390      , -6579.0   , -4896.0   , 
1         , 1400      , -6513.0   , -4897.0   , 
1         , 1410      , -1525.0   , 7424.0    , 
1         , 1420      , -6546.0   , -4217.0   , 
1         , 1810      , -1568.0   , 2579.0    , 
1         , 1960      , -1586.0   , 2542.0    , 
1         , 1970      , -1617.0   , 2568.0    , 
1         , 2080      , -1550.0   , 2559.0    , 
1         , 2130      , -1625.0   , 2539.0    , 
1         , 2140      , -1474.0   , 2625.0    , 
1         , 2150      , -2359.0   , -304.0    , 
1         , 2160      , 3477.0    , 426.0     , 
1         , 2170      , -1716.0   , 2665.0    , 
1         , 2220      , -1459.0   , 2525.0    , 
1         , 2430      , -1641.0   , 2441.0    , 
1         , 2440      , -1722.0   , 2468.0    , 
1         , 2520      , -1710.0   , 2557.0    , 
1         , 2545      , -1617.0   , 2310.0    , 
1         , 3000      , -1666.0   , 6865.0    , 
1         , 3010      , -7396.0   , 1263.0    , 
1         , 3020      , 536.0     , 1469.0    , 
1         , 3030      , -413.0    , -2571.0   , 
1         , 3040      , -1820.0   , 1667.0    , 
1         , 3050      , -3549.0   , 522.0     , 
1         , 3060      , -3555.0   , 5631.0    , 
1         , 3070      , -2576.0   , -1755.0   , 
1         , 3080      , 4517.0    , 1226.0    , 
1         , 3300      , -1476.0   , -3377.0   , 
1         , 3310      , -1564.0   , 164.0     , 
1         , 3320      , -5886.0   , 2641.0    , 
1         , 3330      , -3779.0   , 887.0     , 
1         , 3340      , -2467.0   , 3594.0    , 
1         , 3350      , 381.0     , 441.0     , 
1         , 3360      , 3627.0    , -451.0    , 
1         , 3370      , -2560.0   , 5804.0    , 
1         , 3380      , -2606.0   , 7807.0    , 
1         , 9000      , -2610.0   , 3000.0    , 
1         , 9001      , -2600.0   , 2990.0    , 
1         , 9002      , -2590.0   , 2980.0    , 
1         , 9003      , -2580.0   , 2970.0    , 
1         , 9004      , -2570.0   , 2960.0    , 
1         , 9005      , -2560.0   , 2960.0    , 
1         , 9006      , -2550.0   , 2970.0    , 
1         , 9007      , -2540.0   , 2980.0    , 
1         , 9008      , -2530.0   , 2990.0    , 
1         , 9009      , -2520.0   , 3000.0    , 
1         , 9030      , -2400.0   , 3200.0    , 
1         , 9031      , -2400.0   , 3210.0    , 
1         , 9032      , -2400.0   , 3220.0    , 
1         , 9033      , -2400.0   , 3230.0    , 
1         , 9034      , -2400.0   , 3240.0    , 
1         , 9035      , -2400.0   , 3250.0    , 
1         , 9036      , -2410.0   , 3260.0    , 
1         , 9037      , -2420.0   , 3270.0    , 
1         , 9038      , -2430.0   , 3280.0    , 
1         , 9039      , -2440.0   , 3290.0    , 
1         , 9060      , -2610.0   , 3180.0    , 
1         , 9061      , -2610.0   , 3190.0    , 
1         , 9062      , -2610.0   , 3200.0    , 
1         , 9063      , -2610.0   , 3210.0    , 
1         , 9064      , -2610.0   , 3220.0    , 
1         , 9065      , -2610.0   , 3230.0    , 
1         , 9066      , -2600.0   , 3240.0    , 
1         , 9067      , -2590.0   , 3250.0    , 
1         , 9068      , -2580.0   , 3260.0    , 
1         , 9069      , -2570.0   , 3270.0    , 
1         , 10020     , -1627.0   , 2281.0    , 
1         , 10050     , -1689.0   , 2250.0    , 
1         , 10060     , -1756.0   , 2499.0    , 
1         , 10070     , -1576.0   , 2717.0    , 
1         , 10071     , -1588.0   , 2729.0    , 
1         , 10072     , -1597.0   , 2738.0    , 
1         , 10073     , -1608.0   , 2751.0    , 
1         , 10074     , -1617.0   , 2760.0    , 
1         , 10075     , -1624.0   , 2771.0    , 
1         , 10076     , -1626.0   , 2781.0    , 
1         , 10077     , -1624.0   , 2791.0    , 
1         , 10078     , -1618.0   , 2805.0    , 
1         , 10079     , -1614.0   , 2817.0    , 
1         , 10080     , -1608.0   , 2829.0    , 
2         , 408       , 12882.0   , 7553.0    , 
2         , 470       , 12506.0   , 7662.0    , 
2         , 480       , 12846.0   , 7896.0    , 
2         , 490       , 12842.0   , 7809.0    , 
2         , 500       , 13075.0   , 7850.0    , 
2         , 510       , 13105.0   , 7849.0    , 
2         , 520       , 12236.0   , 7499.0    , 
2         , 530       , 13212.0   , 7800.0    , 
2         , 540       , 13220.0   , 7652.0    , 
2         , 550       , 12618.0   , 7525.0    , 
2         , 560       , 12958.0   , 7604.0    , 
2         , 570       , 12746.0   , 7456.0    , 
2         , 580       , 11861.0   , 7725.0    , 
2         , 590       , 13411.0   , 7713.0    , 
2         , 600       , 12125.0   , 7501.0    , 
2         , 610       , 12386.0   , 7766.0    , 
2         , 620       , 8521.0    , 8903.0    , 
2         , 630       , 8570.0    , 8785.0    , 
2         , 640       , 8597.0    , 8926.0    , 
2         , 645       , 8690.0    , 8738.0    , 
2         , 650       , 8652.0    , 8704.0    , 
2         , 651       , 8583.0    , 8981.0    , 
2         , 652       , 8759.0    , 8934.0    , 
2         , 653       , 8805.0    , 8685.0    , 
2         , 654       , 8479.0    , 8920.0    , 
2         , 660       , 8765.0    , 8726.0    , 
2         , 670       , 8496.0    , 8963.0    , 
2         , 680       , 8502.0    , 8635.0    , 
2         , 690       , 8962.0    , 2616.0    , 
2         , 700       , 8754.0    , 2400.0    , 
2         , 710       , 8771.0    , 2471.0    , 
2         , 720       , 8691.0    , 2367.0    , 
2         , 730       , 8452.0    , 1971.0    , 
2         , 740       , 8940.0    , 2822.0    , 
2         , 750       , 8942.0    , 2722.0    , 
2         , 760       , 8459.0    , 2365.0    , 
2         , 770       , 8675.0    , 2927.0    , 
2         , 771       , 8503.0    , 2263.0    , 
2         , 860       , 12199.0   , 7497.0    , 
2         , 870       , 12636.0   , 7661.0    , 
2         , 910       , 8842.0    , 2815.0    , 
2         , 910       , 8525.0    , 8988.0    , 
2         , 910       , 12937.0   , 7549.0    , 
2         , 990       , 11919.0   , 7681.0    , 
2         , 1000      , 8692.0    , 2397.0    , 
2         , 1010      , 8633.0    , 2072.0    , 
2         , 1020      , 8633.0    , 2101.0    , 
2         , 1030      , 8470.0    , 1912.0    , 
2         , 1040      , 8504.0    , 1912.0    , 
2         , 1090      , 12167.0   , 7496.0    , 
2         , 1327      , 12993.0   , 7644.0    , 
2         , 1840      , 8457.0    , 2262.0    , 
2         , 1920      , 8676.0    , 8629.0    , 
2         , 1930      , 8523.0    , 8801.0    , 
2         , 2530      , 8590.0    , 2512.0    , 
2         , 2532      , 8587.0    , 2540.0    , 
2         , 2533      , 8589.0    , 2568.0    , 
2         , 2538      , 12110.0   , 7790.0    , 
2         , 2539      , 12130.0   , 7790.0    , 
2         , 2540      , 12150.0   , 7790.0    , 
2         , 2541      , 12170.0   , 7790.0    , 
2         , 2542      , 12190.0   , 7790.0    , 
2         , 2543      , 12210.0   , 7790.0    , 
2         , 2544      , 12878.0   , 7606.0    , 
2         , 3090      , 9861.0    , 1658.0    , 
2         , 3100      , 10715.0   , 4309.0    , 
2         , 3110      , 9537.0    , 7395.0    , 
2         , 3120      , 8767.0    , 6882.0    , 
2         , 3130      , 12696.0   , 5282.0    , 
2         , 3140      , 14923.0   , 7583.0    , 
2         , 3150      , 8948.0    , 8816.0    , 
2         , 10030     , 12878.0   , 7625.0    , 
2         , 10040     , 12878.0   , 7592.0    , 
3         , 950       , 5548.0    , 15919.0   , 
3         , 1430      , 1354.0    , 16251.0   , 
3         , 1440      , 1574.0    , 16055.0   , 
3         , 1450      , 1265.0    , 16305.0   , 
3         , 1460      , 1492.0    , 16053.0   , 
3         , 1470      , 1652.0    , 16299.0   , 
3         , 1480      , 1749.0    , 16170.0   , 
3         , 1490      , 1530.0    , 16181.0   , 
3         , 1500      , 1753.0    , 16027.0   , 
3         , 1510      , 8760.0    , 17219.0   , 
3         , 1520      , 8997.0    , 16835.0   , 
3         , 1530      , 8490.0    , 17315.0   , 
3         , 1540      , 8830.0    , 16828.0   , 
3         , 1550      , 8705.0    , 17088.0   , 
3         , 1560      , 8958.0    , 17199.0   , 
3         , 1570      , 9082.0    , 16956.0   , 
3         , 1580      , 9099.0    , 17583.0   , 
3         , 1590      , 5608.0    , 15926.0   , 
3         , 1600      , 5541.0    , 15952.0   , 
3         , 1610      , 8767.0    , 15919.0   , 
3         , 1620      , 1175.0    , 15443.0   , 
3         , 2518      , 5562.0    , 15973.0   , 
4         , 1670      , 42364.0   , 45748.0   , 
4         , 1680      , 42621.0   , 45595.0   , 
4         , 1690      , 42568.0   , 45827.0   , 
4         , 1700      , 42439.0   , 45722.0   , 
4         , 1710      , 42328.0   , 45875.0   , 
4         , 1720      , 42391.0   , 45993.0   , 
4         , 1730      , 42447.0   , 45846.0   , 
4         , 1740      , 42618.0   , 45658.0   , 
4         , 1750      , 44536.0   , 47214.0   , 
4         , 1760      , 46467.0   , 45432.0   , 
4         , 1770      , 46477.0   , 45415.0   , 
4         , 1780      , 42569.0   , 45925.0   , 
4         , 1790      , 42706.0   , 45815.0   , 
4         , 1820      , 42453.0   , 45602.0   , 
4         , 1850      , 42752.0   , 45682.0   , 
4         , 1860      , 42757.0   , 45698.0   , 
4         , 1870      , 42764.0   , 45712.0   , 
4         , 1880      , 42768.0   , 45727.0   , 
4         , 1990      , 42627.0   , 45856.0   , 
4         , 2000      , 38361.0   , 46567.0   , 
4         , 2010      , 38466.0   , 46711.0   , 
4         , 2020      , 39432.0   , 41816.0   , 
4         , 2030      , 39521.0   , 41800.0   , 
4         , 2040      , 38521.0   , 46693.0   , 
4         , 2050      , 38171.0   , 46563.0   , 
4         , 2060      , 38463.0   , 46588.0   , 
4         , 2070      , 38511.0   , 46839.0   , 
4         , 2090      , 39578.0   , 41903.0   , 
4         , 2100      , 39270.0   , 41672.0   , 
4         , 2110      , 39670.0   , 41633.0   , 
4         , 2120      , 39446.0   , 41653.0   , 
4         , 2300      , 39691.0   , 41733.0   , 
4         , 2310      , 39697.0   , 41853.0   , 
4         , 2320      , 39480.0   , 41623.0   , 
4         , 2330      , 39456.0   , 41864.0   , 
4         , 2340      , 39742.0   , 41924.0   , 
4         , 2350      , 39620.0   , 41627.0   , 
4         , 2360      , 39557.0   , 41952.0   , 
4         , 2370      , 39663.0   , 41869.0   , 
4         , 2380      , 39520.0   , 41674.0   , 
4         , 2390      , 39471.0   , 41910.0   , 
4         , 2400      , 39676.0   , 41921.0   , 
4         , 2410      , 39564.0   , 41623.0   , 
4         , 2420      , 39470.0   , 41969.0   , 
4         , 2500      , 46445.0   , 45446.0   , 
4         , 2501      , 46585.0   , 42708.0   , 
4         , 2502      , 39313.0   , 42018.0   , 
4         , 2503      , 42266.0   , 45928.0   , 
4         , 2504      , 39795.0   , 41569.0   , 
4         , 2505      , 39719.0   , 41714.0   , 
4         , 2506      , 39792.0   , 41596.0   , 
4         , 2507      , 39787.0   , 41624.0   , 
4         , 2508      , 39388.0   , 41710.0   , 
4         , 2509      , 39645.0   , 41764.0   , 
4         , 2510      , 39796.0   , 41476.0   , 
4         , 2519      , 42292.0   , 45788.0   , 
4         , 2528      , 42533.0   , 46022.0   , 
4         , 2531      , 41966.0   , 46414.0   , 
4         , 3160      , 41510.0   , 46487.0   , 
4         , 3170      , 47435.0   , 42493.0   , 
4         , 3180      , 45843.0   , 45750.0   , 
4         , 3190      , 39246.0   , 42550.0   , 
4         , 3200      , 42461.0   , 43469.0   , 
4         , 3210      , 38145.0   , 47378.0   , 
5         , 1630      , 35266.0   , 35808.0   , 
5         , 1640      , 35250.0   , 35825.0   , 
5         , 1800      , 35281.0   , 35792.0   , 
6         , 2549      , 35343.0   , 49418.0   , 
6         , 2550      , 35338.0   , 49603.0   , 
6         , 2551      , 35428.0   , 49674.0   , 
6         , 2552      , 35425.0   , 49825.0   , 
6         , 2553      , 35235.0   , 49822.0   , 
6         , 2554      , 35221.0   , 49652.0   , 
7         , 2180      , 39076.0   , 56381.0   , 
7         , 2190      , 39257.0   , 56379.0   , 
7         , 2200      , 39076.0   , 56441.0   , 
7         , 2210      , 39256.0   , 56440.0   , 
7         , 2230      , 43495.0   , 59878.0   , 
7         , 2240      , 43589.0   , 59745.0   , 
7         , 2250      , 43509.0   , 59791.0   , 
7         , 2260      , 43472.0   , 59659.0   , 
7         , 2270      , 43548.0   , 59658.0   , 
7         , 2280      , 43508.0   , 59656.0   , 
8         , 2511      , 23635.0   , 64912.0   , 
8         , 2512      , 23605.0   , 64912.0   , 
9         , 2526      , 15657.0   , 62095.0   , 
9         , 2527      , 15657.0   , 62149.0   , 
9         , 2534      , 15718.0   , 62119.0   , 
9         , 2535      , 15769.0   , 62149.0   , 
9         , 2536      , 15765.0   , 62093.0   , 
100       , 2521      , 24069.0   , 55980.0   , 
100       , 2521      , 24144.0   , 55736.0   , 
100       , 2521      , 23984.0   , 55745.0   , 
100       , 2522      , 23955.0   , 55874.0   , 
100       , 2522      , 23956.0   , 55900.0   , 
100       , 2522      , 23959.0   , 55921.0   , 
100       , 2522      , 23966.0   , 55940.0   , 
100       , 2522      , 23976.0   , 55959.0   , 
100       , 2522      , 23992.0   , 55969.0   , 
100       , 2523      , 24176.0   , 55872.0   , 
100       , 2523      , 24179.0   , 55897.0   , 
100       , 2523      , 24177.0   , 55914.0   , 
100       , 2523      , 24170.0   , 55934.0   , 
100       , 2523      , 24164.0   , 55949.0   , 
100       , 2523      , 24150.0   , 55964.0   , 
100       , 2524      , 24066.0   , 55619.0   , 
100       , 2524      , 23967.0   , 55640.0   , 
100       , 2524      , 24171.0   , 55641.0   , 
100       , 8900      , 24068.0   , 55671.0   , 
100       , 8900      , 24089.0   , 55706.0   , 
100       , 8900      , 24047.0   , 55706.0   , 
201       , 360       , 2307.0    , 26865.0   , 
201       , 401       , 2386.0    , 26794.0   , 
201       , 1326      , 2380.0    , 26865.0   , 
201       , 1410      , 2304.0    , 26791.0   , 
202       , 360       , 9468.0    , 26859.0   , 
202       , 404       , 9548.0    , 26789.0   , 
202       , 1325      , 9547.0    , 26861.0   , 
202       , 1380      , 9470.0    , 26792.0   , 
203       , 780       , 14551.0   , 28999.0   , 
203       , 890       , 15521.0   , 25826.0   , 
203       , 1940      , 15557.0   , 25823.0   , 
204       , 900       , 15514.0   , 35042.0   , 
204       , 1950      , 15561.0   , 35040.0   , 
205       , 960       , 25018.0   , 37536.0   , 
205       , 970       , 25115.0   , 37226.0   , 
205       , 1830      , 25018.0   , 37451.0   , 
206       , 1650      , 35195.0   , 49682.0   , 
206       , 1650      , 35189.0   , 49802.0   , 
206       , 1650      , 35193.0   , 49923.0   , 
206       , 1650      , 35313.0   , 49924.0   , 
206       , 1650      , 35435.0   , 49920.0   , 
206       , 1650      , 35436.0   , 49796.0   , 
206       , 1650      , 35436.0   , 49678.0   , 
206       , 1650      , 35321.0   , 49679.0   , 
207       , 1620      , 1175.0    , 15443.0   , 
207       , 1430      , 1354.0    , 16251.0   , 
207       , 1440      , 1574.0    , 16055.0   , 
207       , 1450      , 1265.0    , 16305.0   , 
207       , 1500      , 1753.0    , 16027.0   , 
207       , 1590      , 5608.0    , 15926.0   , 
207       , 1600      , 5541.0    , 15952.0   , 
207       , 1610      , 8767.0    , 15919.0   , 
207       , 1510      , 8760.0    , 17219.0   , 
207       , 1520      , 8997.0    , 16835.0   , 
207       , 1530      , 8490.0    , 17315.0   , 
207       , 1580      , 9099.0    , 17583.0   , 
209       , 1900      , 25365.0   , 30359.0   , 
209       , 1920      , 25323.0   , 30380.0   , 
210       , 1910      , 34300.0   , 29056.0   , 
210       , 1930      , 34308.0   , 29099.0   , 
300       , 4000      , 26124.0   , 12500.0   , 
300       , 4010      , 25100.0   , 12501.0   , 
300       , 4020      , 24076.0   , 12501.0   , 
300       , 4030      , 24077.0   , 10453.0   , 
300       , 4040      , 25100.0   , 10454.0   , 
300       , 4050      , 26124.0   , 10454.0   , 
300       , 4060      , 28172.0   , 12500.0   , 
300       , 4070      , 29197.0   , 12501.0   , 
300       , 4080      , 30221.0   , 12499.0   , 
300       , 4090      , 28172.0   , 10451.0   , 
300       , 4100      , 29198.0   , 10452.0   , 
300       , 4110      , 30223.0   , 10451.0   , 
300       , 4120      , 32270.0   , 12499.0   , 
300       , 4130      , 32271.0   , 10453.0   , 
300       , 4140      , 33296.0   , 10454.0   , 
300       , 4150      , 33294.0   , 12497.0   , 
